[AJB_2390.jpg]
filters=MuseumMatte=1,25.000000,40.000000,001a0e03,00f0eae4;DropShadow=1,4.000000,90.000000,36.842106,00000000,00ffffff,30.000000;
moddate=1cfe972df543d201
width=1500
height=1000
textactive=0
