[IMG_7926.jpg]
filters=MuseumMatte=1,59.064327,40.000000,001a0e03,00f0eae4;DropShadow=1,4.000000,90.000000,92.397659,00000000,00ffffff,30.000000;
moddate=9d0f7289fe43d201
width=4522
height=3301
textactive=0
